seismictimingsfull <-
structure(list(x = c(0.125, 0.25, 0.375, 0.5, 0.625, 0.75, 0.875, 
1, 1.125, 1.25, 1.375, 1.5, 1.625, 1.75, 1.875, 1, 1, 1, 1, 1, 
1, 1, 1, 1, 1, 1, 1, 1, 1, 1, 1, 1, 1, 1, 1, 1, 1, 1, 1, 1, 1, 
1, 1, 1, 1, 1, 1, 1, 1, 1, 1, 1, 1, 1, 1, 1, 1, 1, 1, 1, 1, 1, 
1, 1, 1, 1, 1, 1, 1, 1, 1, 1, 1.12280701754386, 1.24561403508772, 
1.36842105263158, 1.49122807017544, 1.6140350877193, 1.73684210526316, 
1.85964912280702, 1.98245614035088, 2.10526315789474, 2.2280701754386, 
2.35087719298246, 2.47368421052632, 2.59649122807018, 2.71929824561404, 
2.84210526315789, 2.96491228070175, 3.08771929824561, 3.21052631578947, 
3.33333333333333, 3.45614035087719, 3.57894736842105, 3.70175438596491, 
3.82456140350877, 3.94736842105263, 4.07017543859649, 4.19298245614035, 
4.31578947368421, 4.43859649122807, 4.56140350877193, 4.68421052631579, 
4.80701754385965, 4.92982456140351, 5.05263157894737, 5.17543859649123, 
5.29824561403509, 5.42105263157895, 5.54385964912281, 5.66666666666667, 
5.78947368421053, 5.91228070175439, 6.03508771929825, 6.1578947368421, 
6.28070175438596, 6.40350877192982, 6.52631578947368, 6.64912280701754, 
6.7719298245614, 6.89473684210526, 7.01754385964912, 7.14035087719298, 
7.26315789473684, 7.3859649122807, 7.50877192982456, 7.63157894736842, 
7.75438596491228, 7.87719298245614, 1.125, 1.25, 1.375, 1.5, 
1.625, 1.75, 1.875, 2, 2.1, 2.1, 2.1, 2.1, 2.25, 2.375, 2.5, 
2.625, 2.75, 2.875, 3, 3, 3, 3, 3, 3.1219512195122, 3.24390243902439, 
3.36585365853659, 3.48780487804878, 3.60975609756098, 3.73170731707317, 
3.85365853658537, 3.97560975609756, 4.09756097560976, 4.21951219512195, 
4.34146341463415, 4.46341463414634, 4.58536585365854, 4.70731707317073, 
4.82926829268293, 4.95121951219512, 5.07317073170732, 5.19512195121951, 
5.31707317073171, 5.4390243902439, 5.5609756097561, 5.68292682926829, 
5.80487804878049, 5.92682926829268, 6.04878048780488, 6.17073170731707, 
6.29268292682927, 6.41463414634146, 6.53658536585366, 6.65853658536585, 
6.78048780487805, 6.90243902439024, 7.02439024390244, 7.14634146341463, 
7.26829268292683, 7.39024390243902, 7.51219512195122, 7.63414634146341, 
7.75609756097561, 7.8780487804878, 3, 3, 3, 3, 3, 3, 3, 3, 3, 
3, 3, 3, 3, 3, 3, 3, 3, 3, 3, 3, 3, 3, 3, 3, 3, 3, 3, 3, 3, 3, 
3, 3, 3, 3, 3, 3, 3, 3, 3, 3, 3, 3, 3, 3, 3, 6, 6, 6, 6, 6, 6, 
6, 6, 6, 6, 6, 6, 6, 6, 6, 6, 6, 6, 6, 6, 6, 6, 6, 6, 6, 6, 6, 
6, 6, 6, 6, 6, 6, 6, 6, 6, 6, 6, 6, 6, 6, 6, 6, 6, 6, 6, 6, 6, 
6, 6, 6, 6, 7, 7, 7, 7, 7, 7, 7, 7, 7, 7, 7, 7, 7, 7, 7, 7, 7, 
7, 7, 7, 7, 7, 7, 7, 7, 7, 7, 7, 7, 7, 7, 7, 7, 7, 7, 7, 7, 7, 
7, 7, 7, 7, 7, 7, 7, 7, 7, 7, 7, 7, 7, 7, 7, 7, 7, 7, 7, 7, 7, 
3.625, 3.75, 3.875, 4, 4.125, 4.25, 4.375, 4.5, 4.625, 4.75, 
4.875, 5, 5.125, 5.25, 5.375, 5.5, 5.625, 5.75, 5.875, 6, 6.125, 
6.25, 6.375, 6.5, 6.625, 6.75, 6.875, 7, 7.125, 7.25, 7.375, 
7.5, 7.625, 7.75, 7.875, 4, 4, 4, 4, 4, 4, 4, 4, 4, 4, 4, 4, 
4, 4, 4, 4, 4, 4, 4, 4, 4, 4, 4, 4, 4, 4, 8, 8, 8, 8, 8, 8, 8, 
8, 8, 8, 8, 8, 8, 8, 8, 8, 8, 8, 8, 8, 8, 8, 8, 8, 8, 8, 8, 8, 
8, 8, 8, 8, 8, 8, 8, 8, 8, 8, 8, 8, 8, 8, 8, 8, 8, 8, 8, 8, 4.9, 
5.024, 5.148, 5.272, 5.396, 5.52, 5.644, 5.768, 5.892, 6.016, 
6.14, 6.264, 6.388, 6.512, 6.636, 6.76, 6.884, 7.008, 7.132, 
7.256, 7.38, 7.504, 7.628, 7.752, 7.876, 2.7, 2.81363636363636, 
2.92727272727273, 3.04090909090909, 3.15454545454545, 3.26818181818182, 
3.38181818181818, 3.49545454545455, 3.60909090909091, 3.72272727272727, 
3.83636363636364, 3.95, 4.06363636363636, 4.17727272727273, 4.29090909090909, 
4.40454545454545, 4.51818181818182, 4.63181818181818, 4.74545454545455, 
4.85909090909091, 4.97272727272727, 5.08636363636364, 5.2), y = c(8, 
8, 8, 8, 8, 8, 8, 8, 8, 8, 8, 8, 8, 8, 8, 1.5, 1.62280701754386, 
1.74561403508772, 1.86842105263158, 1.99122807017544, 2.1140350877193, 
2.23684210526316, 2.35964912280702, 2.48245614035088, 2.60526315789474, 
2.7280701754386, 2.85087719298246, 2.97368421052632, 3.09649122807018, 
3.21929824561404, 3.34210526315789, 3.46491228070175, 3.58771929824561, 
3.71052631578947, 3.83333333333333, 3.95614035087719, 4.07894736842105, 
4.20175438596491, 4.32456140350877, 4.44736842105263, 4.57017543859649, 
4.69298245614035, 4.81578947368421, 4.93859649122807, 5.06140350877193, 
5.18421052631579, 5.30701754385965, 5.42982456140351, 5.55263157894737, 
5.67543859649123, 5.79824561403509, 5.92105263157895, 6.04385964912281, 
6.16666666666667, 6.28947368421053, 6.41228070175439, 6.53508771929825, 
6.6578947368421, 6.78070175438596, 6.90350877192982, 7.02631578947368, 
7.14912280701754, 7.2719298245614, 7.39473684210526, 7.51754385964912, 
7.64035087719298, 7.76315789473684, 7.8859649122807, 8.00877192982456, 
8.13157894736842, 8.25438596491228, 8.37719298245614, 6, 6, 6, 
6, 6, 6, 6, 6, 6, 6, 6, 6, 6, 6, 6, 6, 6, 6, 6, 6, 6, 6, 6, 6, 
6, 6, 6, 6, 6, 6, 6, 6, 6, 6, 6, 6, 6, 6, 6, 6, 6, 6, 6, 6, 6, 
6, 6, 6, 6, 6, 6, 6, 6, 6, 6, 6, 2, 2, 2, 2, 2, 2, 2, 2, 1.6, 
1.7, 1.8, 1.9, 1.5, 1.5, 1.5, 1.5, 1.5, 1.5, 1.5, 1, 1.13333333333333, 
1.26666666666667, 1.4, 1, 1, 1, 1, 1, 1, 1, 1, 1, 1, 1, 1, 1, 
1, 1, 1, 1, 1, 1, 1, 1, 1, 1, 1, 1, 1, 1, 1, 1, 1, 1, 1, 1, 1, 
1, 1, 1, 1, 1, 1, 2.5, 2.62222222222222, 2.74444444444444, 2.86666666666667, 
2.98888888888889, 3.11111111111111, 3.23333333333333, 3.35555555555556, 
3.47777777777778, 3.6, 3.72222222222222, 3.84444444444444, 3.96666666666667, 
4.08888888888889, 4.21111111111111, 4.33333333333333, 4.45555555555556, 
4.57777777777778, 4.7, 4.82222222222222, 4.94444444444444, 5.06666666666667, 
5.18888888888889, 5.31111111111111, 5.43333333333333, 5.55555555555556, 
5.67777777777778, 5.8, 5.92222222222222, 6.04444444444444, 6.16666666666667, 
6.28888888888889, 6.41111111111111, 6.53333333333333, 6.65555555555556, 
6.77777777777778, 6.9, 7.02222222222222, 7.14444444444444, 7.26666666666667, 
7.38888888888889, 7.51111111111111, 7.63333333333333, 7.75555555555556, 
7.87777777777778, 0, 0.115384615384615, 0.230769230769231, 0.346153846153846, 
0.461538461538462, 0.576923076923077, 0.692307692307692, 0.807692307692308, 
0.923076923076923, 1.03846153846154, 1.15384615384615, 1.26923076923077, 
1.38461538461538, 1.5, 1.61538461538462, 1.73076923076923, 1.84615384615385, 
1.96153846153846, 2.07692307692308, 2.19230769230769, 2.30769230769231, 
2.42307692307692, 2.53846153846154, 2.65384615384615, 2.76923076923077, 
2.88461538461538, 3, 3.11538461538462, 3.23076923076923, 3.34615384615385, 
3.46153846153846, 3.57692307692308, 3.69230769230769, 3.80769230769231, 
3.92307692307692, 4.03846153846154, 4.15384615384615, 4.26923076923077, 
4.38461538461539, 4.5, 4.61538461538462, 4.73076923076923, 4.84615384615385, 
4.96153846153846, 5.07692307692308, 5.19230769230769, 5.30769230769231, 
5.42307692307692, 5.53846153846154, 5.65384615384615, 5.76923076923077, 
5.88461538461539, 0, 0.11864406779661, 0.23728813559322, 0.355932203389831, 
0.474576271186441, 0.593220338983051, 0.711864406779661, 0.830508474576271, 
0.94915254237288, 1.06779661016949, 1.1864406779661, 1.30508474576271, 
1.42372881355932, 1.54237288135593, 1.66101694915254, 1.77966101694915, 
1.89830508474576, 2.01694915254237, 2.13559322033898, 2.25423728813559, 
2.3728813559322, 2.49152542372881, 2.61016949152542, 2.72881355932203, 
2.84745762711864, 2.96610169491525, 3.08474576271186, 3.20338983050847, 
3.32203389830508, 3.4406779661017, 3.55932203389831, 3.67796610169492, 
3.79661016949153, 3.91525423728814, 4.03389830508475, 4.15254237288136, 
4.27118644067797, 4.38983050847458, 4.50847457627119, 4.6271186440678, 
4.74576271186441, 4.86440677966102, 4.98305084745763, 5.10169491525424, 
5.22033898305085, 5.33898305084746, 5.45762711864407, 5.57627118644068, 
5.69491525423729, 5.8135593220339, 5.93220338983051, 6.05084745762712, 
6.16949152542373, 6.28813559322034, 6.40677966101695, 6.52542372881356, 
6.64406779661017, 6.76271186440678, 6.88135593220339, 2, 2, 2, 
2, 2, 2, 2, 2, 2, 2, 2, 2, 2, 2, 2, 2, 2, 2, 2, 6, 2, 2, 2, 2, 
2, 2, 2, 2, 2, 2, 2, 2, 2, 2, 2, 1.12307692307692, 1.24615384615385, 
