airports <-
structure(list(latitude_deg = c(40.652099609375, 32.4113006592, 
35.040199, 31.5354995727539, 41.25310135, 31.6112995147705, 40.978101, 
39.4575996398926, 51.8779983520508, 57.75, 31.3274002075195, 
33.3698997497559, 58.67679977, 42.7482986450195, 42.5570983886719, 
35.219398, 61.1744003295898, 39.22320175, 33.6367, 44.2580986023, 
30.1944999694824, 35.4361991882324, 41.3385009766, 42.2349014282227, 
41.9388999939, 60.77980042, 35.43360138, 42.20869827, 44.8073997497559, 
33.56290054, 45.8077011108398, 46.7727012634277, 47.50939941, 
48.7928009033203, 40.47710037, 36.1245002746582, 43.5644, 42.36429977, 
29.9507999420166, 31.2588005065918, 18.4948997497559, 25.9067993164062, 
71.285402, 45.9547996520996, 30.533199, 44.4719009399, 42.94049835, 
34.2006988525391, 39.1754, 45.77750015, 33.9388008117676, 40.9160995483398, 
37.701000213623, 60.4917984, 41.78020096, 35.0353012084961, 38.138599395752, 
32.89860153, 39.79539871, 41.8847007751465, 33.12829971, 41.4117012024, 
30.58860016, 35.2140007019043, 39.998001, 40.03919983, 47.168399810791, 
44.520198822, 38.805801, 42.908001, 27.7703990936279, 38.3731002807617, 
32.516300201416, 39.0488014221, 44.7775993347, 29.179899, 32.847099, 
39.902400970459, 42.40200043, 38.8521, 39.861698150635, 32.896801, 
31.3213005065918, 59.04470062, 46.8420982361, 37.1515007019, 
41.5340003967285, 42.2123985290527, 39.64260101, 40.8249015808106, 
42.1599006652832, 31.80719948, 42.0831270134, 44.1245994567871, 
38.0369987488, 35.0730018616, 40.6925010681152, 24.5561008453369, 
64.81510162, 46.9207000732422, 36.7761993408203, 34.9911994934082, 
48.3105010986328, 35.13850021, 26.072599, 34.1853981018066, 42.9654006958008, 
43.5820007324, 35.3366012573242, 40.97850037, 44.3488998413, 
47.6198997497559, 47.949299, 32.3839988708496, 39.1223983765, 
29.6900997162, 30.4073009490967, 44.4850997924805, 31.067199707, 
42.88079834, 36.0978012084961, 34.8956985474, 58.4253006, 47.48199844, 
33.4502983093, 38.53390121, 40.48120117, 32.2243995667, 46.6068000793457, 
21.32062, 29.64539909, 41.0670013427734, 26.2285003662109, 34.637199401855, 
38.36669922, 38.94449997, 29.9843997955322, 37.649899, 43.514599, 
34.2705993652344, 39.7173, 48.5662002563477, 32.8342018127, 40.79520035, 
42.4910011291504, 19.721399307251, 35.65879822, 43.6072998046875, 
32.3111991882, 30.4941005706787, 40.63980103, 58.3549995422363, 
19.738783, 55.35559845, 42.7787017822266, 36.08010101, 34.5676994324, 
33.94250107, 33.663601, 30.1261005401611, 38.0364990234375, 30.20529938, 
40.77719879, 33.81769943, 21.9759998321533, 34.7294006348, 42.156101, 
40.851001739502, 27.5438003540039, 43.879002, 37.8582992554, 
46.3745002746582, 37.3266983032227, 31.9424991607666, 43.532901763916, 
39.2976, 32.692798614502, 28.4293994903564, 40.1935005188, 41.785999, 
32.3325996398926, 35.0424003601074, 26.17580032, 42.3741989135742, 
32.30059814, 42.932598, 25.7931995391846, 42.9472007751465, 43.16949844, 
28.1028003692627, 41.4485015869141, 32.5108985900879, 30.691200256348, 
37.62580109, 48.2593994140625, 46.3535995483, 36.5870018005371, 
43.1399002075195, 46.91630173, 44.882, 29.9934005737305, 38.5097999573, 
33.6796989441, 34.8292007446, 37.721298, 20.8986, 35.3931007385254, 
41.3032, 64.5121994018555, 34.0559997558594, 41.9786, 36.8945999145508, 
43.4170989990234, 66.88469696, 34.200801849365, 26.6832008361816, 
45.58869934, 37.13190079, 39.871898651123, 33.4342994689941, 
40.6641998291, 42.9098014831543, 44.38270187, 40.49150085, 45.57089996, 
34.62939835, 30.473400115967, 46.2647018432617, 18.00830078125, 
56.80170059, 33.8297004699707, 41.7326011657715, 43.64619827, 
44.0452995300293, 40.50899887, 44.2541008, 35.8776016235352, 
42.1954002380371, 45.6311988830566, 37.505199432373, 41.5942, 
39.4990997314453, 37.3255, 43.1189002990723, 33.3016014099121, 
43.9082984924316, 26.5361995697021, 32.7336006165, 29.5337009429932, 
32.12760162, 34.42620087, 41.7086982727051, 35.2368011475, 70.19470215, 
40.8493003845, 38.1744, 47.449001, 37.6189994812012, 37.24570084, 
37.036389, 32.446602, 57.0471000671387, 37.362598, 31.3577003479004, 
18.4393997192, 40.7883987426758, 44.90950012, 38.6954002380371, 
34.89889908, 33.67570114, 39.84410095, 33.9888, 27.3953990936279, 
38.748697, 18.3372993469238, 17.7019004821777, 43.50439835, 42.40259933, 
41.5041007995606, 43.111198425293, 37.9538002, 30.3964996337891, 
41.58679962, 27.9755001068115, 36.475201, 36.1983985900879, 34.2681007385254, 
32.1161003112793, 44.7414016723633, 42.4818, 33.4537010192871, 
32.3540992736816, 35.81100082, 30.7824993133545, 30.4832, 56.48429871, 
44.68840027, 36.281898, 59.5032997131, 46.56819916, 32.65660095
),